1	930	2288
1	160	457
1	2580	4861
1	320	912
1	170	456
1	320	912
1	310	914
1	0	0
1	1110	2743
1	2550	4848
1	650	1822
1	330	910
1	320	912
1	480	1365
1	170	455
1	160	455
1	160	455
1	160	455
1	160	455
1	0	0
1	160	455
1	170	455
1	160	455
1	490	1365
1	320	910
1	320	910
1	160	455
1	160	455
1	330	910
1	160	455
1	160	455
1	160	455
1	160	455
1	170	455
1	160	455
1	320	912
1	0	0
1	1460	4131
1	320	910
1	160	455
1	320	910
1	330	910
1	0	0
1	160	455
1	160	455
1	170	455
1	160	455
1	320	910
1	2510	4787
1	1550	3644
1	1090	2730
1	320	908
1	0	0
1	170	454
1	160	454
1	320	908
1	330	910
1	0	0
1	160	454
1	610	1359
1	160	454
1	160	454
1	160	454
1	0	0
1	160	454
1	330	908
1	160	454
1	0	0
1	320	910
1	160	454
1	320	908
1	160	454
1	0	0
1	0	0
1	170	454
1	320	908
1	320	908
1	160	454
1	170	454
1	160	454
1	160	454
1	160	454
1	160	454
1	320	908
1	160	454
1	160	454
1	160	454
1	320	908
1	160	454
1	2400	4732
1	320	908
1	320	908
1	610	1356
1	160	453
1	160	453
1	0	0
1	160	453
1	160	453
1	160	453
1	160	453
1	170	453
1	160	453
1	160	453
1	150	453
1	160	453
1	320	908
1	160	453
1	320	906
1	160	453
1	160	453
1	160	453
1	160	453
1	320	908
1	320	908
1	160	453
1	160	453
1	600	1355
1	160	453
1	160	453
1	160	453
1	160	453
1	330	906
1	160	453
1	320	906
1	160	453
1	160	453
1	0	0
1	160	453
1	0	0
1	320	906
1	0	0
1	160	453
1	0	0
1	480	1361
1	0	0
1	160	453
1	610	1354
1	160	453
1	0	0
1	150	453
1	160	453
1	160	453
1	0	0
1	160	453
1	150	453
1	10	0
1	470	1361
1	160	453
1	760	1808
1	480	1359
1	160	453
1	160	453
1	0	0
1	320	906
1	150	453
1	160	453
1	160	453
1	160	453
1	160	453
1	160	453
1	600	1352
1	0	0
1	0	0
1	2330	4648
1	2320	4647
1	760	1800
1	310	902
1	160	451
1	160	451
1	160	451
1	160	451
1	0	0
1	150	451
1	320	904
1	160	451
1	160	451
1	0	0
1	150	451
1	0	0
1	160	451
1	160	451
1	320	904
1	160	451
1	150	451
1	0	0
1	160	451
1	760	1799
1	160	451
1	160	451
1	150	451
1	320	902
1	160	451
1	150	451
1	160	451
1	320	904
1	590	1345
1	2300	4609
1	160	450
1	160	450
1	790	2258
1	590	1342
1	0	0
1	900	2247
1	160	450
1	160	450
1	2290	4593
1	160	449
1	310	900
1	0	0
1	160	449
1	160	449
1	160	449
1	160	449
1	0	0
1	160	449
1	0	0
1	160	449
1	150	449
1	160	449
1	0	0
1	2270	4581
1	750	1788
1	310	898
1	160	448
1	150	448
1	0	0
1	160	448
1	310	898
1	160	448
1	590	1335
1	2270	4567
1	160	447
1	160	447
1	0	0
1	150	447
1	160	447
1	150	447
1	160	447
1	0	0
1	0	0
1	2260	4560
1	160	446
1	160	446
1	470	1344
1	310	894
1	890	2228
1	470	1340
1	780	2238
1	160	446
1	150	446
1	590	1329
1	580	1328
1	160	446
1	2240	4533
1	310	892
1	160	445
1	0	0
1	580	1325
1	310	892
1	160	445
1	0	0
1	160	445
1	150	445
1	150	445
1	590	1324
1	150	445
1	150	445
1	310	890
1	150	445
1	160	445
1	150	445
1	160	445
1	160	445
1	150	445
1	310	890
1	160	445
1	0	0
1	150	445
1	160	445
1	160	445
1	150	445
1	160	445
1	150	445
1	160	445
1	150	445
1	160	445
1	310	890
1	150	445
1	310	890
1	160	445
1	150	445
1	0	0
1	160	445
1	300	890
1	160	445
1	310	890
1	0	0
1	160	445
1	150	445
1	150	445
1	160	445
1	0	0
1	150	445
1	150	445
1	150	445
1	430	876
1	310	892
1	310	890
1	160	445
1	310	890
1	0	0
1	0	0
1	150	445
1	160	445
1	0	0
1	160	445
1	150	445
1	160	445
1	150	445
1	160	445
1	150	445
1	160	445
1	150	445
1	150	445
1	160	445
1	150	445
1	0	0
1	0	0
1	150	445
1	160	445
1	150	445
1	160	445
1	150	445
1	160	445
1	0	0
1	150	445
1	160	445
1	150	445
1	160	445
1	570	1322
1	0	0
1	310	890
1	0	0
1	150	445
1	160	445
1	150	445
1	1300	3095
1	880	2215
1	2170	4430
1	460	1334
1	730	1762
1	1300	3080
1	310	890
1	730	1759
1	2160	4413
1	2160	4412
1	2170	4411
1	2160	4410
1	0	0
1	0	0
1	160	440
1	1140	2610
1	150	440
1	160	440
1	300	882
1	310	880
1	720	1746
1	300	880
1	310	882
1	460	1322
1	150	440
1	570	1301
1	310	882
1	0	0
1	0	0
1	160	440
1	450	1322
1	420	858
1	150	440
1	160	440
1	300	882
1	0	0
1	0	0
1	150	440
1	160	440
1	0	0
1	0	0
1	0	0
1	160	440
1	300	882
1	0	0
1	160	440
1	310	880
1	150	440
1	150	440
1	150	440
1	160	440
1	0	0
1	0	0
1	0	0
1	2120	4362
1	0	0
1	310	878
1	150	439
1	160	439
1	150	439
1	310	878
1	300	878
1	150	439
1	0	0
1	160	439
1	0	0
1	150	439
1	150	439
1	150	439
1	160	439
1	150	439
1	300	878
1	160	439
1	150	439
1	0	0
1	560	1297
1	160	439
1	2110	4338
1	150	438
1	150	438
1	150	438
1	160	438
1	150	438
1	300	878
1	560	1294
1	150	438
1	150	438
1	2110	4326
1	150	437
1	150	437
1	460	1313
1	150	437
1	150	437
1	150	437
1	460	1313
1	560	1291
1	150	437
1	2090	4311
1	160	436
1	300	874
1	150	436
1	150	436
1	150	436
1	150	436
1	160	436
1	440	1310
1	150	436
1	160	436
1	150	436
1	0	0
1	0	0
1	300	874
1	300	874
1	160	436
1	150	436
1	0	0
1	150	436
1	150	436
1	150	436
1	410	850
1	2090	4286
1	150	435
1	150	435
1	150	435
1	300	872
1	150	435
1	300	872
1	410	848
1	0	0
1	410	847
1	2080	4275
1	410	845
1	2080	4273
1	860	2150
1	550	1277
1	150	433
1	150	433
1	0	0
1	150	433
1	460	1299
1	150	433
1	150	433
1	0	0
1	0	0
1	140	433
1	300	866
1	150	433
1	150	433
1	0	0
1	150	433
1	0	0
1	150	433
1	2080	4251
1	400	840
1	0	0
1	290	864
1	0	0
1	160	432
1	600	1730
1	150	432
1	150	432
1	550	1273
1	600	1736
1	550	1272
1	710	1705
1	300	866
1	150	432
1	0	0
1	150	432
1	300	866
1	0	0
1	0	0
1	300	866
1	150	432
1	150	432
1	0	0
1	150	432
1	150	432
1	150	432
1	0	0
1	300	864
1	300	864
1	0	0
1	150	432
1	140	432
1	150	432
1	150	432
1	150	432
1	150	432
1	140	432
1	10	0
1	0	0
1	140	432
1	150	432
1	150	432
1	300	864
1	150	432
1	0	0
1	150	432
1	150	432
1	150	432
1	150	432
1	150	432
1	150	432
1	300	864
1	140	432
1	150	432
1	150	432
1	0	0
1	300	864
1	300	864
1	140	432
1	150	432
1	150	432
1	300	864
1	150	432
1	150	432
1	150	432
1	150	432
1	690	1704
1	300	864
1	1980	4170
1	0	0
1	150	431
1	0	0
1	150	431
1	150	431
1	150	431
1	150	431
1	0	0
1	150	431
1	140	431
1	440	1293
1	0	0
1	150	431
1	150	431
1	150	431
1	0	0
1	0	0
1	150	431
1	740	2167
1	1620	3806
1	300	862
1	150	431
1	150	431
1	0	0
1	0	0
1	150	431
1	150	431
1	390	831
1	150	431
1	150	431
1	140	431
1	150	431
1	150	431
1	140	431
1	0	0
1	0	0
1	150	431
1	150	431
1	150	431
1	140	431
1	150	431
1	140	431
1	150	431
1	150	431
1	150	431
1	150	431
1	150	431
1	140	431
1	150	431
1	300	862
1	150	431
1	140	431
1	150	431
1	150	431
1	0	0
1	140	431
1	150	431
1	0	0
1	300	864
1	150	431
1	140	431
1	150	431
1	980	2564
1	150	431
1	300	862
1	0	0
1	290	864
1	150	431
1	680	1697
1	150	431
1	290	864
1	1940	4088
1	0	0
1	150	430
1	1950	4086
1	680	1688
1	290	858
1	290	860
1	150	429
1	440	1289
1	150	429
1	290	860
1	150	429
1	530	1256
1	150	429
1	590	1720
1	540	1255
1	0	0
1	140	429
1	690	1685
1	820	2117
1	430	1289
1	1930	4050
1	290	858
1	290	858
1	390	820
1	150	428
1	430	1286
1	830	2111
1	580	1720
1	290	858
1	280	856
1	150	428
1	140	428
1	10	0
1	140	428
1	150	428
1	0	0
1	0	0
1	150	428
1	140	428
1	150	428
1	140	428
1	150	428
1	150	428
1	290	856
1	0	0
1	290	858
1	150	428
1	150	428
1	140	428
1	150	428
1	530	1248
1	150	428
1	140	428
1	150	428
1	150	428
1	1890	4004
1	290	854
1	150	427
1	280	854
1	530	1245
1	430	1281
1	140	427
1	150	427
1	290	854
1	0	0
1	150	427
1	380	815
1	1890	3987
1	140	426
1	0	0
1	1050	2486
1	580	1712
1	1890	3977
1	380	810
1	140	425
1	150	425
1	290	850
1	0	0
1	0	0
1	140	425
1	140	425
1	0	0
1	0	0
1	150	425
1	150	425
1	140	425
1	0	0
1	140	425
1	150	425
1	140	425
1	150	425
1	140	425
1	140	425
1	290	850
1	150	425
1	140	425
1	150	425
1	140	425
1	150	425
1	0	0
1	140	425
1	150	425
1	140	425
1	150	425
1	1850	3949
1	150	424
1	280	850
1	0	0
1	0	0
1	440	1274
1	520	1234
1	140	424
1	1850	3939
1	140	423
1	1860	3937
1	1850	3936
1	0	0
1	1850	3935
1	150	420
1	0	0
1	140	420
1	140	420
1	140	420
1	10	0
1	0	0
1	280	842
1	290	840
1	140	420
1	150	420
1	140	420
1	140	420
1	0	0
1	290	840
1	0	0
1	140	420
1	150	420
1	0	0
1	570	1682
1	140	420
1	150	420
1	140	420
1	660	1647
1	150	420
1	280	842
1	140	420
1	140	420
1	290	840
1	140	420
1	140	420
1	150	420
1	280	840
1	0	0
1	150	420
1	140	420
1	140	420
1	150	420
1	140	420
1	1170	2876
1	280	842
1	140	420
1	1820	3883
1	640	1643
1	290	840
1	1810	3877
1	0	0
1	0	0
1	140	418
1	0	0
1	10	0
1	0	0
1	280	836
1	420	1260
1	0	0
1	140	418
1	290	838
1	1790	3867
1	660	1634
1	280	834
1	570	1670
1	560	1676
1	280	836
1	290	836
1	850	2520
1	1770	3843
1	1150	2846
1	790	2046
1	140	416
1	140	416
1	280	834
1	280	832
1	1770	3827
1	140	415
1	1770	3825
1	140	414
1	140	414
1	140	414
1	140	414
1	0	0
1	0	0
1	280	830
1	140	414
1	140	414
1	140	414
1	140	414
1	280	830
1	0	0
1	370	789
1	140	414
1	270	830
1	140	414
1	0	0
1	500	1204
1	420	1248
1	1760	3802
1	140	413
1	860	1987
1	150	413
1	500	1199
1	1750	3794
1	140	412
1	1750	3792
1	280	824
1	0	0
1	500	1194
1	0	0
1	1750	3787
1	1750	3786
1	1750	3785
1	860	1964
1	500	1185
1	280	816
1	1740	3777
1	140	407
1	410	1227
1	280	816
1	140	407
1	710	1544
1	1740	3767
1	140	406
1	1730	3765
1	1740	3764
1	490	1174
1	280	810
1	0	0
1	490	1173
1	270	810
1	1730	3755
1	270	806
1	0	0
1	0	0
1	360	765
1	1720	3751
1	140	402
1	280	806
1	490	1167
1	0	0
1	1720	3745
1	140	401
1	270	804
1	0	0
1	350	761
1	0	0
1	1720	3740
1	1720	3739
1	1730	3738
1	1720	3737
1	140	397
1	130	397
1	140	397
1	140	397
1	130	397
1	1720	3731
1	1720	3730
1	1730	3729
1	1720	3728
1	1710	3727
1	1720	3726
1	140	391
1	130	391
1	140	391
1	0	0
1	130	391
1	140	391
1	130	391
1	140	391
1	130	391
1	0	0
1	140	391
1	0	0
1	540	1572
1	130	391
1	140	391
1	0	0
1	270	784
1	0	0
1	130	391
1	140	391
1	260	782
1	140	391
1	130	391
1	140	391
1	130	391
1	140	391
1	130	391
1	540	1566
1	0	0
1	140	391
1	270	784
1	540	1572
1	480	1143
1	340	749
1	1700	3684
1	130	390
1	130	390
1	140	390
1	130	390
1	140	390
1	130	390
1	130	390
1	140	390
1	130	390
1	0	0
1	140	390
1	130	390
1	140	390
1	130	390
1	130	390
1	0	0
1	0	0
1	10	0
1	740	1925
1	400	1172
1	470	1138
1	1690	3660
1	140	389
1	130	389
1	0	0
1	130	389
1	10	0
1	130	389
1	0	0
1	130	389
1	140	389
1	0	0
1	130	389
1	130	389
1	140	389
1	130	389
1	130	389
1	1010	2705
1	140	389
1	260	778
1	140	389
1	130	389
1	260	780
1	0	0
1	140	389
1	0	0
1	0	0
1	340	743
1	390	1173
1	690	1482
1	340	740
1	1670	3627
1	1680	3626
1	1670	3625
1	270	772
1	260	774
1	0	0
1	0	0
1	130	386
1	610	1512
1	1670	3616
1	260	770
1	270	772
1	130	385
1	730	1897
1	270	770
1	390	1157
1	1660	3601
1	610	1504
1	130	384
1	1650	3596
1	270	766
1	130	383
1	130	383
1	130	383
1	0	0
1	130	383
1	130	383
1	130	383
1	140	383
1	130	383
1	1660	3585
1	130	382
1	130	382
1	130	382
1	130	382
1	130	382
1	1610	3674
1	1660	3573
1	1270	2939
1	930	2212
1	1650	3563
1	260	760
1	0	0
1	130	380
1	140	380
1	130	380
1	130	380
1	260	762
1	130	380
1	260	760
1	390	1146
1	130	380
1	130	380
1	390	1146
1	260	762
1	0	0
1	260	760
1	0	0
1	0	0
1	130	380
1	260	760
1	130	380
1	130	380
1	130	380
1	130	380
1	0	0
1	0	0
1	130	380
1	130	380
1	140	380
1	130	380
1	0	0
1	130	380
1	130	380
1	0	0
1	260	760
1	130	380
1	260	762
1	390	1142
1	130	380
1	470	1100
1	1610	3515
1	470	1097
1	130	379
1	510	1516
1	130	379
1	260	760
1	130	379
1	130	379
1	10	0
1	130	379
1	130	379
1	1600	3500
1	850	2240
1	520	1518
1	130	378
1	130	378
1	130	378
1	130	378
1	130	378
1	130	378
1	0	0
1	130	378
1	130	378
1	130	378
1	130	378
1	0	0
1	250	756
1	130	378
1	130	378
1	130	378
1	130	378
1	260	756
1	130	378
1	130	378
1	130	378
1	260	756
1	130	378
1	0	0
1	130	378
1	130	378
1	250	756
1	0	0
1	130	378
1	1600	3461
1	250	754
1	130	377
1	130	377
1	260	754
1	0	0
1	130	377
1	260	756
1	0	0
1	130	377
1	250	754
1	130	377
1	130	377
1	130	377
1	130	377
1	130	377
1	130	377
1	0	0
1	770	2280
1	250	754
1	10	0
1	760	2280
1	660	1422
1	330	710
1	120	377
1	130	377
1	330	709
1	1570	3422
1	450	1085
1	1570	3419
1	130	375
1	250	750
1	0	0
1	130	375
1	130	375
1	0	0
1	250	752
1	130	375
1	130	375
1	130	375
1	120	375
1	130	375
1	260	750
1	120	375
1	130	375
1	130	375
1	130	375
1	120	375
1	130	375
1	130	375
1	250	752
1	130	375
1	130	375
1	0	0
1	130	375
1	0	0
1	0	0
1	0	0
1	0	0
1	130	375
1	0	0
1	130	375
1	120	375
1	130	375
1	130	375
1	130	375
1	130	375
1	0	0
1	120	375
1	0	0
1	0	0
1	250	750
1	130	375
1	120	375
1	130	375
1	130	375
1	120	375
1	130	375
1	130	375
1	130	375
1	120	375
1	130	375
1	130	375
1	120	375
1	0	0
1	130	375
1	130	375
1	120	375
1	130	375
1	130	375
1	130	375
1	120	375
1	130	375
1	250	750
1	130	375
1	120	375
1	130	375
1	130	375
1	120	375
1	130	375
1	130	375
1	0	0
1	130	375
1	120	375
1	0	0
1	260	750
1	0	0
1	120	375
1	130	375
1	120	375
1	130	375
1	130	375
1	570	1459
1	130	375
1	130	375
1	250	750
1	250	752
1	1520	3335
1	380	1124
1	250	748
1	450	1079
1	1510	3327
1	130	373
1	570	1451
1	250	746
1	130	373
1	1510	3319
1	130	372
1	120	372
1	130	372
1	120	372
1	130	372
1	120	372
1	1510	3312
1	120	371
1	130	371
1	120	371
1	130	371
1	250	742
1	0	0
1	120	371
1	130	371
1	130	371
1	120	371
1	130	371
1	120	371
1	130	371
1	120	371
1	130	371
1	0	0
1	120	371
1	130	371
1	120	371
1	130	371
1	370	1115
1	250	742
1	0	0
1	440	1071
1	120	371
1	130	371
1	120	371
1	130	371
1	0	0
1	0	0
1	310	697
1	130	371
1	120	371
1	130	371
1	1480	3277
1	250	740
1	120	370
1	130	370
1	120	370
1	130	370
1	120	370
1	120	370
1	250	742
1	0	0
1	130	370
1	120	370
1	130	370
1	120	370
1	130	370
1	120	370
1	130	370
1	120	370
1	0	0
1	130	370
1	120	370
1	130	370
1	120	370
1	120	370
1	130	370
1	120	370
1	130	370
1	120	370
1	130	370
1	120	370
1	0	0
1	130	370
1	0	0
1	120	370
1	120	370
1	130	370
1	0	0
1	560	1439
1	370	1112
1	0	0
1	1470	3237
1	130	369
1	120	369
1	430	1064
1	130	369
1	250	738
1	120	369
1	0	0
1	120	369
1	120	369
1	130	369
1	0	0
1	0	0
1	370	1109
1	120	369
1	740	2224
1	440	1063
1	0	0
1	550	1435
1	430	1061
1	1450	3208
1	870	2120
1	1460	3203
1	540	1425
1	250	736
1	1450	3197
1	250	734
1	300	683
1	0	0
1	310	682
1	1450	3192
1	0	0
1	1460	3191
1	120	364
1	1450	3189
1	430	1043
1	120	363
1	1450	3185
1	0	0
1	120	362
1	120	362
1	0	0
1	120	362
1	120	362
1	430	1040
1	1440	3178
1	310	674
1	550	1401
1	1440	3173
1	250	722
1	120	360
1	120	360
1	0	0
1	0	0
1	120	360
1	120	360
1	120	360
1	1440	3165
1	1440	3164
1	1450	3163
1	1440	3162
1	1450	3161
1	1440	3160
1	1450	3159
1	1440	3158
1	1450	3157
1	110	351
1	120	351
1	120	351
1	120	351
1	0	0
1	110	351
1	0	0
1	1440	3151
1	110	350
1	0	0
1	10	0
1	110	350
1	120	350
1	1430	3147
1	420	1011
1	120	349
1	110	349
1	120	349
1	120	349
1	1430	3140
1	120	348
1	120	348
1	0	0
1	110	348
1	120	348
1	240	696
1	120	348
1	110	348
1	110	348
1	0	0
1	120	348
1	0	0
1	120	348
1	110	348
1	120	348
1	120	348
1	110	348
1	120	348
1	0	0
1	120	348
1	120	348
1	110	348
1	120	348
1	120	348
1	0	0
1	120	348
1	120	348
1	460	1400
1	290	658
1	300	657
1	1420	3110
1	120	347
1	240	694
1	110	347
1	120	347
1	120	347
1	110	347
1	120	347
1	120	347
1	0	0
1	120	347
1	110	347
1	10	0
1	1400	3098
1	1420	3097
1	1420	3096
1	1420	3095
1	1420	3094
1	640	1684
1	350	1028
1	110	342
1	120	342
1	230	684
1	120	342
1	110	342
1	120	342
1	0	0
1	120	342
1	110	342
1	240	686
1	110	342
1	290	649
1	240	684
1	0	0
1	0	0
1	110	342
1	120	342
1	110	342
1	120	342
1	120	342
1	290	648
1	120	342
1	110	342
1	1390	3063
1	120	341
1	110	341
1	120	341
1	110	341
1	0	0
1	0	0
1	220	682
1	120	341
1	110	341
1	0	0
1	120	341
1	110	341
1	0	0
1	120	341
1	110	341
1	120	341
1	0	0
1	0	0
1	110	341
1	1390	3048
1	120	340
1	110	340
1	1380	3045
1	520	1328
1	230	680
1	110	339
1	530	1327
1	110	339
1	230	680
1	1380	3032
1	0	0
1	230	676
1	0	0
1	110	338
1	120	338
1	0	0
1	110	338
1	120	338
1	110	338
1	110	338
1	110	338
1	0	0
1	0	0
1	0	0
1	120	338
1	290	641
1	1380	3020
1	230	676
1	110	337
1	110	337
1	1380	3015
1	110	336
1	110	336
1	120	336
1	110	336
1	400	976
1	230	672
1	110	336
1	110	336
1	120	336
1	110	336
1	1370	3002
1	230	672
1	110	335
1	110	335
1	120	335
1	0	0
1	1360	2996
1	1370	2995
1	1380	2994
1	1370	2993
1	1370	2992
1	110	330
1	120	330
1	390	963
1	110	330
1	1360	2986
1	0	0
1	110	329
1	120	329
1	220	658
1	110	329
1	110	329
1	110	329
1	110	329
1	110	329
1	0	0
1	110	329
1	120	329
1	110	329
1	110	329
1	110	329
1	220	660
1	220	660
1	220	660
1	230	660
1	280	629
1	110	329
1	1350	2961
1	120	328
1	110	328
1	330	986
1	110	328
1	0	0
1	220	658
1	220	658
1	280	627
1	120	328
1	110	328
1	210	658
1	290	626
1	1340	2944
1	110	327
1	110	327
1	110	327
1	110	327
1	110	327
1	120	327
1	0	0
1	0	0
1	280	624
1	110	327
1	390	952
1	220	656
1	220	654
1	0	0
1	110	327
1	110	327
1	110	327
1	110	327
1	110	327
1	220	654
1	120	327
1	0	0
1	110	327
1	110	327
1	1320	2919
1	500	1279
1	220	654
1	1320	2913
1	500	1273
1	110	325
1	110	325
1	610	1599
1	110	325
1	220	650
1	110	325
1	110	325
1	10	0
1	380	944
1	110	325
1	1320	2895
1	110	324
1	110	324
1	110	324
1	220	650
1	110	324
1	110	324
1	280	615
1	110	324
1	110	324
1	110	324
1	110	324
1	0	0
1	110	324
1	110	324
1	110	324
1	110	324
1	210	650
1	210	650
1	1310	2874
1	110	323
1	110	323
1	110	323
1	110	323
1	420	1300
1	110	323
1	110	323
1	210	648
1	490	1265
1	280	612
1	1290	2857
1	220	646
1	270	610
1	1300	2853
1	110	321
1	220	642
1	0	0
1	110	321
1	110	321
1	100	321
1	110	321
1	100	321
1	110	321
1	110	321
1	110	321
1	110	321
1	0	0
1	210	642
1	110	321
1	110	321
1	110	321
1	0	0
1	110	321
1	0	0
1	0	0
1	110	321
1	210	642
1	110	321
1	110	321
1	210	644
1	110	321
1	280	608
1	100	321
1	1290	2824
1	100	320
1	220	642
1	0	0
1	380	928
1	0	0
1	110	320
1	1280	2817
1	110	319
1	110	319
1	100	319
1	110	319
1	220	640
1	270	604
1	100	319
1	0	0
1	1280	2808
1	110	318
1	0	0
1	110	318
1	100	318
1	110	318
1	110	318
1	210	638
1	110	318
1	100	318
1	110	318
1	100	318
1	110	318
1	220	638
1	100	318
1	0	0
1	110	318
1	0	0
1	110	318
1	0	0
1	430	1274
1	210	638
1	110	318
1	110	318
1	100	318
1	0	0
1	110	318
1	100	318
1	0	0
1	110	318
1	110	318
1	100	318
1	110	318
1	110	318
1	100	318
1	0	0
1	110	318
1	1250	2772
1	110	317
1	200	636
1	0	0
1	270	601
1	540	1198
1	200	634
1	480	1238
1	110	317
1	110	317
1	1230	2758
1	220	634
1	260	596
1	110	316
1	1230	2753
1	110	315
1	100	315
1	110	315
1	110	315
1	210	630
1	100	315
1	110	315
1	110	315
1	0	0
1	100	315
1	210	632
1	420	1268
1	110	315
1	370	911
1	260	593
1	110	315
1	1210	2731
1	210	630
1	110	314
1	0	0
1	100	314
1	260	591
1	110	314
1	1220	2724
1	100	313
1	210	628
1	110	313
1	100	313
1	110	313
1	100	313
1	110	313
1	100	313
1	210	626
1	110	313
1	0	0
1	100	313
1	110	313
1	0	0
1	0	0
1	100	313
1	100	313
1	420	1260
1	210	628
1	100	313
1	1210	2700
1	1210	2699
1	360	900
1	1210	2696
1	100	310
1	0	0
1	210	620
1	210	622
1	0	0
1	100	310
1	110	310
1	100	310
1	100	310
1	110	310
1	100	310
1	100	310
1	360	897
1	110	310
1	260	584
1	100	310
1	100	310
1	210	622
1	100	310
1	110	310
1	100	310
1	100	310
1	100	310
1	110	310
1	100	310
1	100	310
1	100	310
1	1190	2666
1	100	309
1	110	309
1	100	309
1	100	309
1	0	0
1	260	582
1	100	309
1	1200	2659
1	100	308
1	200	616
1	100	308
1	100	308
1	110	308
1	200	616
1	0	0
1	110	308
1	90	308
1	110	308
1	300	926
1	100	308
1	100	308
1	0	0
1	110	308
1	100	308
1	0	0
1	100	308
1	300	926
1	110	308
1	0	0
1	250	580
1	100	308
1	200	616
1	0	0
1	110	308
1	100	308
1	100	308
1	0	0
1	100	308
1	110	308
1	100	308
1	100	308
1	0	0
1	100	308
1	110	308
1	100	308
1	200	616
1	100	308
1	310	926
1	200	618
1	1180	2613
1	0	0
1	550	1507
1	210	614
1	1160	2606
1	810	2082
1	560	1500
1	300	920
1	1160	2593
1	0	0
1	100	305
1	210	612
1	0	0
1	90	305
1	360	879
1	100	305
1	0	0
1	100	305
1	100	305
1	1160	2583
1	90	304
1	100	304
1	100	304
1	200	610
1	100	304
1	1160	2576
1	250	569
1	100	303
1	100	303
1	100	303
1	100	303
1	100	303
1	1150	2569
1	1150	2568
1	450	1174
1	1140	2564
1	1150	2563
1	1150	2562
1	100	298
1	100	298
1	450	1164
1	190	598
1	1150	2554
1	250	560
1	100	297
1	1140	2551
1	1140	2550
1	200	592
1	100	295
1	100	295
1	100	295
1	100	295
1	90	295
1	200	592
1	200	592
1	240	557
1	1140	2537
1	190	590
1	350	851
1	1130	2532
1	440	1145
1	100	293
1	1130	2527
1	200	586
1	240	551
1	100	292
1	1130	2522
1	0	0
1	100	291
1	90	291
1	100	291
1	100	291
1	90	291
1	100	291
1	100	291
1	90	291
1	100	291
1	100	291
1	100	291
1	90	291
1	0	0
1	100	291
1	100	291
1	100	291
1	90	291
1	1130	2505
1	90	290
1	100	290
1	100	290
1	0	0
1	100	290
1	240	548
1	0	0
1	1120	2499
1	1120	2498
1	240	545
1	90	288
1	100	288
1	100	288
1	1120	2493
1	1120	2492
1	240	542
1	1110	2490
1	1120	2489
1	480	1076
1	240	537
1	100	284
1	1110	2484
1	1120	2483
1	1120	2482
1	1110	2481
1	340	814
1	90	280
1	330	813
1	90	280
1	0	0
1	100	280
1	90	280
1	100	280
1	190	560
1	90	280
1	100	280
1	90	280
1	0	0
1	90	280
1	100	280
1	0	0
1	90	280
1	100	280
1	90	280
1	90	280
1	100	280
1	90	280
1	100	280
1	90	280
1	100	280
1	190	560
1	180	560
1	100	280
1	90	280
1	100	280
1	90	280
1	100	280
1	0	0
1	90	280
1	100	280
1	90	280
1	90	280
1	190	562
1	90	280
1	430	1094
1	90	280
1	100	280
1	90	280
1	100	280
1	90	280
1	0	0
1	100	280
1	90	280
1	90	280
1	100	280
1	90	280
1	100	280
1	90	280
1	90	280
1	0	0
1	90	280
1	100	280
1	1080	2421
1	240	528
1	0	0
1	1080	2419
1	90	278
1	100	278
1	1080	2416
1	100	277
1	370	1110
1	90	277
1	100	277
1	320	804
1	0	0
1	100	277
1	90	277
1	90	277
1	280	837
1	550	1327
1	1080	2397
1	320	799
1	1080	2394
1	100	275
1	90	275
1	90	275
1	190	552
1	90	275
1	0	0
1	0	0
1	1070	2387
1	100	274
1	90	274
1	90	274
1	230	518
1	1070	2382
1	0	0
1	90	273
1	100	273
1	90	273
1	90	273
1	410	1068
1	1070	2374
1	180	546
1	0	0
1	230	514
1	190	546
1	90	272
1	0	0
1	1060	2367
1	1070	2366
1	0	0
1	90	270
1	190	542
1	90	270
1	230	511
1	90	270
1	90	270
1	90	270
1	0	0
1	90	270
1	180	540
1	90	270
1	90	270
1	90	270
1	90	270
1	90	270
1	180	540
1	90	270
1	90	270
1	90	270
1	100	270
1	90	270
1	90	270
1	90	270
1	90	270
1	90	270
1	90	270
1	90	270
1	1040	2336
1	90	269
1	90	269
1	90	269
1	90	269
1	100	269
1	1050	2330
1	90	268
1	90	268
1	90	268
1	90	268
1	1040	2325
1	90	267
1	90	267
1	90	267
1	90	267
1	1050	2320
1	90	266
1	90	266
1	90	266
1	90	266
1	1040	2315
1	230	505
1	1040	2313
1	0	0
1	90	264
1	180	528
1	0	0
1	90	264
1	90	264
1	0	0
1	0	0
1	170	530
1	230	503
1	80	264
1	1040	2303
1	90	263
1	90	263
1	90	263
1	90	263
1	80	263
1	90	263
1	90	263
1	90	263
1	90	263
1	0	0
1	80	263
1	90	263
1	0	0
1	90	263
1	90	263
1	80	263
1	90	263
1	90	263
1	0	0
1	90	263
1	90	263
1	0	0
1	80	263
1	180	526
1	0	0
1	90	263
1	90	263
1	90	263
1	0	0
1	80	263
1	0	0
1	90	263
1	0	0
1	90	263
1	0	0
1	90	263
1	90	263
1	80	263
1	90	263
1	90	263
1	90	263
1	90	263
1	80	263
1	90	263
1	90	263
1	90	263
1	170	526
1	1020	2262
1	80	262
1	90	262
1	1020	2259
1	90	261
1	80	261
1	180	524
1	90	261
1	170	522
1	0	0
1	170	524
1	90	261
1	90	261
1	220	499
1	1010	2246
1	0	0
1	80	260
1	90	260
1	90	260
1	0	0
1	0	0
1	80	260
1	90	260
1	170	520
1	90	260
1	90	260
1	80	260
1	10	0
1	80	260
1	0	0
1	90	260
1	80	260
1	90	260
1	80	260
1	90	260
1	90	260
1	80	260
1	90	260
1	90	260
1	0	0
1	80	260
1	90	260
1	80	260
1	90	260
1	90	260
1	80	260
1	90	260
1	160	520
1	0	0
1	90	260
1	90	260
1	80	260
1	90	260
1	80	260
1	90	260
1	80	260
1	90	260
1	80	260
1	180	520
1	80	260
1	90	260
1	0	0
1	0	0
1	0	0
1	0	0
1	90	260
1	80	260
1	990	2201
1	990	2200
1	210	495
1	170	516
1	90	258
1	0	0
1	80	258
1	90	258
1	80	258
1	170	518
1	90	258
1	80	258
1	170	518
1	0	0
1	0	0
1	90	258
1	90	258
1	80	258
1	90	258
1	80	258
1	90	258
1	80	258
1	0	0
1	90	258
1	980	2178
1	290	752
1	90	257
1	80	257
1	90	257
1	80	257
1	90	257
1	80	257
1	260	777
1	80	257
1	90	257
1	250	771
1	80	257
1	90	257
1	80	257
1	90	257
1	250	773
1	0	0
1	220	492
1	80	257
1	90	257
1	160	514
1	170	514
1	90	257
1	0	0
1	80	257
1	260	773
1	170	516
1	80	257
1	300	750
1	170	514
1	290	749
1	0	0
1	920	2550
1	500	1550
1	80	257
1	380	1007
1	170	516
1	80	257
1	90	257
1	0	0
1	80	257
1	950	2110
1	920	2542
1	710	2045
1	90	256
1	80	256
1	170	514
1	170	514
1	200	482
1	290	739
1	940	2085
1	80	255
1	90	255
1	80	255
1	90	255
1	80	255
1	80	255
1	90	255
1	80	255
1	90	255
1	70	255
1	90	255
1	80	255
1	90	255
1	80	255
1	80	255
1	90	255
1	80	255
1	90	255
1	80	255
1	80	255
1	90	255
1	80	255
1	0	0
1	80	255
1	90	255
1	80	255
1	930	2059
1	80	254
1	80	254
1	170	508
1	80	254
1	80	254
1	80	254
1	90	254
1	80	254
1	160	510
1	210	478
1	920	2046
1	80	253
1	920	2044
1	920	2043
1	250	753
1	80	251
1	80	251
1	90	251
1	80	251
1	160	502
1	0	0
1	80	251
1	90	251
1	80	251
1	80	251
1	80	251
1	90	251
1	0	0
1	80	251
1	0	0
1	0	0
1	80	251
1	80	251
1	90	251
1	80	251
1	0	0
1	80	251
1	80	251
1	0	0
1	0	0
1	80	251
1	0	0
1	90	251
1	80	251
1	0	0
1	80	251
1	80	251
1	80	251
1	90	251
1	80	251
1	80	251
1	280	727
1	80	251
1	900	2008
1	80	250
1	90	250
1	80	250
1	80	250
1	80	250
1	80	250
1	0	0
1	80	250
1	80	250
1	170	502
1	280	724
1	0	0
1	890	1995
1	80	249
1	900	1993
1	890	1992
1	900	1991
1	80	246
1	80	246
1	900	1988
1	190	466
1	0	0
1	90	245
1	80	245
1	150	490
1	80	245
1	80	245
1	80	245
1	80	245
1	80	245
1	0	0
1	80	245
1	80	245
1	80	245
1	80	245
1	80	245
1	80	245
1	80	245
1	80	245
1	80	245
1	80	245
1	80	245
1	80	245
1	80	245
1	230	737
1	880	1961
1	270	710
1	80	244
1	80	244
1	160	488
1	80	244
1	80	244
1	80	244
1	80	244
1	160	490
1	80	244
1	190	463
1	0	0
1	0	0
1	80	244
1	0	0
1	0	0
1	0	0
1	80	244
1	80	244
1	80	244
1	80	244
1	80	244
1	80	244
1	80	244
1	160	488
1	80	244
1	80	244
1	80	244
1	70	244
1	80	244
1	80	244
1	80	244
1	80	244
1	80	244
1	80	244
1	0	0
1	80	244
1	160	490
1	150	490
1	160	490
1	270	708
1	160	490
1	270	707
1	270	706
1	830	1911
1	80	243
1	160	486
1	150	486
1	80	243
1	80	243
1	160	486
1	80	243
1	0	0
1	70	243
1	80	243
1	80	243
1	80	243
1	80	243
1	80	243
1	80	243
1	80	243
1	0	0
1	70	243
1	80	243
1	80	243
1	80	243
1	160	486
1	70	243
1	80	243
1	80	243
1	80	243
1	80	243
1	0	0
1	0	0
1	150	486
1	0	0
1	160	488
1	80	243
1	800	1876
1	540	1404
1	340	943
1	810	1868
1	150	482
1	310	964
1	80	241
1	80	241
1	70	241
1	80	241
1	0	0
1	80	241
1	80	241
1	70	241
1	80	241
1	80	241
1	150	482
1	80	241
1	80	241
1	80	241
1	70	241
1	80	241
1	80	241
1	80	241
1	0	0
1	70	241
1	80	241
1	80	241
1	70	241
1	150	484
1	80	241
1	80	241
1	80	241
1	480	1427
1	160	484
1	180	452
1	150	482
1	0	0
1	790	1824
1	80	240
1	780	1822
1	80	239
1	0	0
1	790	1820
1	480	1414
1	300	958
1	450	1134
1	70	238
1	780	1806
1	260	683
1	160	476
1	70	237
1	410	1166
1	80	237
1	80	237
1	70	237
1	70	237
1	230	713
1	150	474
1	0	0
1	0	0
1	300	956
1	160	476
1	70	237
1	180	442
1	340	921
1	70	237
1	80	237
1	80	237
1	250	679
1	770	1771
1	180	438
1	150	474
1	760	1767
1	260	673
1	760	1764
1	770	1763
1	70	233
1	70	233
1	0	0
1	80	233
1	70	233
1	80	233
1	70	233
1	80	233
1	70	233
1	80	233
1	70	233
1	70	233
1	0	0
1	330	903
1	150	466
1	70	233
1	70	233
1	80	233
1	70	233
1	80	233
1	0	0
1	70	233
1	80	233
1	210	701
1	400	1143
1	70	233
1	220	705
1	80	233
1	220	705
1	740	1724
1	80	232
1	500	1332
1	0	0
1	70	232
1	80	232
1	70	232
1	70	232
1	730	1714
1	320	895
1	730	1710
1	150	462
1	80	230
1	310	891
1	70	230
1	0	0
1	70	230
1	80	230
1	70	230
1	70	230
1	80	230
1	70	230
1	0	0
1	70	230
1	80	230
1	70	230
1	70	230
1	70	230
1	70	230
1	80	230
1	70	230
1	0	0
1	140	460
1	80	230
1	70	230
1	140	460
1	70	230
1	80	230
1	0	0
1	140	462
1	150	462
1	140	462
1	240	656
1	250	655
1	70	230
1	80	230
1	710	1668
1	240	652
1	70	229
1	150	458
1	70	229
1	70	229
1	70	229
1	80	229
1	0	0
1	70	229
1	0	0
1	340	838
1	700	1655
1	180	417
1	700	1653
1	0	0
1	0	0
1	0	0
1	140	456
1	70	227
1	150	456
1	170	415
1	140	456
1	700	1644
1	240	641
1	70	226
1	700	1640
1	700	1639
1	390	1090
1	210	674
1	210	674
1	240	635
1	0	0
1	690	1626
1	520	1536
1	350	1119
1	690	1614
1	0	0
1	690	1613
1	170	404
1	230	626
1	690	1609
1	70	220
1	160	401
1	70	220
1	70	220
1	140	442
1	680	1602
1	300	843
1	140	440
1	300	842
1	680	1593
1	140	438
1	680	1590
1	160	395
1	70	217
1	70	217
1	70	217
1	70	217
1	70	217
1	70	217
1	0	0
1	0	0
1	0	0
1	70	217
1	130	434
1	300	832
1	200	653
1	70	217
1	70	217
1	670	1571
1	400	1314
1	70	216
1	670	1563
1	750	2054
1	590	1656
1	70	215
1	140	430
1	60	215
1	70	215
1	70	215
1	70	215
1	140	432
1	220	603
1	70	215
1	140	430
1	160	385
1	0	0
1	660	1534
1	60	214
1	70	214
1	0	0
1	70	214
1	200	644
1	140	430
1	70	214
1	290	817
1	200	648
1	380	980
1	70	214
1	0	0
1	70	214
1	70	214
1	70	214
1	0	0
1	130	428
1	0	0
1	70	214
1	70	214
1	60	214
1	70	214
1	140	428
1	60	214
1	70	214
1	70	214
1	70	214
1	60	214
1	70	214
1	640	1497
1	290	809
1	140	426
1	390	1288
1	230	593
1	220	592
1	0	0
1	290	808
1	630	1478
1	70	212
1	130	426
1	70	212
1	630	1473
1	220	586
1	70	211
1	0	0
1	60	211
1	70	211
1	70	211
1	60	211
1	440	1172
1	290	796
1	620	1458
1	200	630
1	60	210
1	70	210
1	620	1452
1	70	209
1	0	0
1	60	209
1	70	209
1	620	1448
1	150	366
1	150	365
1	0	0
1	620	1445
1	60	207
1	0	0
1	70	207
1	130	416
1	150	363
1	60	207
1	130	414
1	0	0
1	70	207
1	60	207
1	70	207
1	60	207
1	0	0
1	70	207
1	60	207
1	130	414
1	70	207
1	60	207
1	70	207
1	60	207
1	70	207
1	60	207
1	0	0
1	70	207
1	60	207
1	260	832
1	600	1416
1	60	206
1	0	0
1	600	1414
1	60	205
1	220	567
1	60	205
1	600	1409
1	60	204
1	60	204
1	60	204
1	70	204
1	590	1404
1	130	406
1	130	408
1	60	203
1	130	408
1	60	203
1	270	769
1	0	0
1	590	1392
1	130	406
1	60	202
1	210	559
1	250	816
1	580	1382
1	60	201
1	340	964
1	60	201
1	130	404
1	210	555
1	270	759
1	570	1368
1	60	200
1	130	402
1	0	0
1	210	551
1	60	200
1	570	1361
1	580	1360
1	60	198
1	60	198
1	120	398
1	120	396
1	60	198
1	60	198
1	0	0
1	70	198
1	0	0
1	560	1350
1	470	1293
1	560	1344
1	560	1343
1	200	538
1	560	1340
1	70	194
1	120	390
1	60	194
1	200	535
1	60	194
1	120	390
1	120	388
1	140	338
1	550	1327
1	560	1326
1	60	192
1	60	192
1	60	192
1	0	0
1	50	192
1	120	386
1	60	192
1	200	529
1	550	1316
1	60	191
1	0	0
1	550	1314
1	120	382
1	60	190
1	550	1310
1	60	189
1	120	380
1	540	1306
1	310	902
1	180	566
1	120	378
1	0	0
1	130	329
1	540	1295
1	60	187
1	60	187
1	120	376
1	130	327
1	140	326
1	540	1288
1	0	0
1	540	1287
1	120	370
1	50	185
1	0	0
1	60	185
1	60	185
1	0	0
1	60	185
1	140	323
1	530	1279
1	60	184
1	60	184
1	0	0
1	60	184
1	50	184
1	60	184
1	120	368
1	60	184
1	0	0
1	0	0
1	50	184
1	60	184
1	60	184
1	60	184
1	110	368
1	60	184
1	60	184
1	60	184
1	110	370
1	60	184
1	0	0
1	60	184
1	190	507
1	50	184
1	60	184
1	0	0
1	60	184
1	60	184
1	50	184
1	60	184
1	0	0
1	120	370
1	0	0
1	130	320
1	60	184
1	170	554
1	0	0
1	120	370
1	110	370
1	110	370
1	120	368
1	190	505
1	110	368
1	60	184
1	490	1229
1	0	0
1	60	183
1	0	0
1	60	183
1	110	366
1	0	0
1	60	183
1	110	368
1	110	368
1	60	183
1	60	183
1	60	183
1	50	183
1	500	1215
1	60	182
1	180	500
1	110	366
1	500	1209
1	50	181
1	0	0
1	110	364
1	60	181
1	190	497
1	50	181
1	60	181
1	180	496
1	60	181
1	480	1197
1	60	180
1	60	180
1	50	180
1	490	1193
1	50	179
1	60	179
1	120	310
1	60	179
1	60	179
1	50	179
1	480	1186
1	120	358
1	50	178
1	130	308
1	480	1181
1	0	0
1	50	177
1	60	177
1	50	177
1	220	714
1	60	177
1	470	1172
1	250	608
1	120	303
1	480	1168
1	0	0
1	60	175
1	470	1166
1	50	174
1	60	174
1	50	174
1	60	174
1	470	1161
1	50	173
1	60	173
1	470	1158
1	110	344
1	0	0
1	50	172
1	50	172
1	0	0
1	60	172
1	50	172
1	50	172
1	60	172
1	50	172
1	50	172
1	60	172
1	50	172
1	50	172
1	60	172
1	50	172
1	50	172
1	50	172
1	60	172
1	50	172
1	50	172
1	50	172
1	50	172
1	60	172
1	50	172
1	50	172
1	0	0
1	60	172
1	50	172
1	0	0
1	50	172
1	110	346
1	50	172
1	0	0
1	60	172
1	50	172
1	50	172
1	60	172
1	170	472
1	50	172
1	50	172
1	60	172
1	0	0
1	50	172
1	50	172
1	50	172
1	60	172
1	50	172
1	50	172
1	60	172
1	50	172
1	50	172
1	60	172
1	50	172
1	50	172
1	60	172
1	50	172
1	50	172
1	0	0
1	0	0
1	50	172
1	60	172
1	50	172
1	50	172
1	0	0
1	0	0
1	50	172
1	0	0
1	60	172
1	50	172
1	50	172
1	60	172
1	50	172
1	50	172
1	50	172
1	60	172
1	50	172
1	0	0
1	50	172
1	50	172
1	60	172
1	50	172
1	50	172
1	50	172
1	60	172
1	50	172
1	50	172
1	50	172
1	430	1078
1	50	171
1	50	171
1	60	171
1	50	171
1	50	171
1	0	0
1	50	171
1	0	0
1	60	171
1	50	171
1	0	0
1	50	171
1	0	0
1	100	344
1	10	0
1	40	171
1	110	344
1	50	171
1	100	342
1	50	171
1	50	171
1	60	171
1	0	0
1	50	171
1	50	171
1	50	171
1	110	342
1	50	171
1	0	0
1	50	171
1	50	171
1	50	171
1	50	171
1	110	342
1	100	344
1	410	1043
1	60	170
1	210	639
1	50	170
1	50	170
1	50	170
1	50	170
1	50	170
1	410	1033
1	150	509
1	0	0
1	0	0
1	410	1029
1	50	168
1	50	168
1	50	168
1	410	1025
1	410	1024
1	50	166
1	50	166
1	100	332
1	50	166
1	50	166
1	0	0
1	50	166
1	50	166
1	50	166
1	50	166
1	50	166
1	50	166
1	50	166
1	0	0
1	50	166
1	50	166
1	40	166
1	50	166
1	50	166
1	50	166
1	100	332
1	50	166
1	100	334
1	0	0
1	0	0
1	0	0
1	50	166
1	50	166
1	210	626
1	40	166
1	50	166
1	50	166
1	50	166
1	0	0
1	0	0
1	100	334
1	160	457
1	160	456
1	0	0
1	40	166
1	390	983
1	50	165
1	0	0
1	50	165
1	50	165
1	50	165
1	0	0
1	50	165
1	50	165
1	40	165
1	50	165
1	50	165
1	50	165
1	0	0
1	50	165
1	50	165
1	50	165
1	50	165
1	50	165
1	0	0
1	150	453
1	100	330
1	0	0
1	370	963
1	0	0
1	40	164
1	50	164
1	50	164
1	50	164
1	50	164
1	50	164
1	50	164
1	40	164
1	0	0
1	100	328
1	100	330
1	90	330
1	50	164
1	190	664
1	10	0
1	90	328
1	300	954
1	190	662
1	350	932
1	100	326
1	250	729
1	350	926
1	340	925
1	350	924
1	340	923
1	350	922
1	50	158
1	40	158
1	50	158
1	100	318
1	90	316
1	0	0
1	0	0
1	90	316
1	10	0
1	90	316
1	0	0
1	50	158
1	0	0
1	0	0
1	40	158
1	50	158
1	50	158
1	40	158
1	50	158
1	50	158
1	40	158
1	50	158
1	50	158
1	40	158
1	50	158
1	50	158
1	40	158
1	0	0
1	90	318
1	340	894
1	90	314
1	50	157
1	40	157
1	180	636
1	100	274
1	100	273
1	330	883
1	0	0
1	330	882
1	50	155
1	90	312
1	190	586
1	320	875
1	190	582
1	320	871
1	240	687
1	320	867
1	90	306
1	90	304
1	140	417
1	40	152
1	50	152
1	310	858
1	50	151
1	320	856
1	140	412
1	310	853
1	40	149
1	50	149
1	40	149
1	90	298
1	90	300
1	90	300
1	310	843
1	90	257
1	90	298
1	310	839
1	40	147
1	50	147
1	0	0
1	0	0
1	90	255
1	90	296
1	310	833
1	40	146
1	40	146
1	40	146
1	50	146
1	300	828
1	140	399
1	40	145
1	310	824
1	90	250
1	40	144
1	50	144
1	40	144
1	80	290
1	0	0
1	300	817
1	300	816
1	50	142
1	300	814
1	250	824
1	170	570
1	300	804
1	300	803
1	290	802
1	260	768
1	170	522
1	300	794
1	300	793
1	300	792
1	130	373
1	30	135
1	10	0
1	290	788
1	40	134
1	40	134
1	40	134
1	0	0
1	40	134
1	40	134
1	40	134
1	40	134
1	40	134
1	80	268
1	40	134
1	40	134
1	0	0
1	40	134
1	40	134
1	40	134
1	40	134
1	290	771
1	280	770
1	40	132
1	40	132
1	40	132
1	40	132
1	40	132
1	40	132
1	40	132
1	40	132
1	70	266
1	40	132
1	80	266
1	80	232
1	80	266
1	0	0
1	90	231
1	270	752
1	90	229
1	30	131
1	40	131
1	40	131
1	70	264
1	40	131
1	0	0
1	80	228
1	40	131
1	0	0
1	40	131
1	40	131
1	80	227
1	40	131
1	270	738
1	0	0
1	40	130
1	40	130
1	240	716
1	70	260
1	270	729
1	40	129
1	40	129
1	30	129
1	200	617
1	150	524
1	30	129
1	80	221
1	90	220
1	260	714
1	30	128
1	260	712
1	260	711
1	260	710
1	260	709
1	70	250
1	80	214
1	260	705
1	260	704
1	110	368
1	70	246
1	250	698
1	150	458
1	120	332
1	250	692
1	40	120
1	250	690
1	100	363
1	160	410
1	100	359
1	250	681
1	80	203
1	250	679
1	30	117
1	70	236
1	110	320
1	30	117
1	250	672
1	250	671
1	250	670
1	60	230
1	110	313
1	240	665
1	40	113
1	30	113
1	30	113
1	40	113
1	90	345
1	150	388
1	240	655
1	240	654
1	70	191
1	250	652
1	130	415
1	70	222
1	70	188
1	240	645
1	100	297
1	40	109
1	230	641
1	40	108
1	30	108
1	240	638
1	240	637
1	230	636
1	40	105
1	0	0
1	0	0
1	30	105
1	30	105
1	70	181
1	230	631
1	240	630
1	60	208
1	40	103
1	130	388
1	30	103
1	30	103
1	30	103
1	30	103
1	30	103
1	30	103
1	30	103
1	30	103
1	40	103
1	30	103
1	30	103
1	30	103
1	30	103
1	30	103
1	230	609
1	30	102
1	30	102
1	60	206
1	100	280
1	30	102
1	220	601
1	30	101
1	30	101
1	30	101
1	40	101
1	220	596
1	20	100
1	70	173
1	220	593
1	30	99
1	220	591
1	30	98
1	220	589
1	30	97
1	30	97
1	30	97
1	0	0
1	220	585
1	60	168
1	10	0
1	0	0
1	30	96
1	30	96
1	0	0
1	80	294
1	30	96
1	30	96
1	30	96
1	210	575
1	30	95
1	30	95
1	110	392
1	120	392
1	210	564
1	90	261
1	20	94
1	210	560
1	30	93
1	60	188
1	20	93
1	30	93
1	30	93
1	200	553
1	30	92
1	30	92
1	30	92
1	20	92
1	30	92
1	140	450
1	200	543
1	10	0
1	20	91
1	30	91
1	0	0
1	30	91
1	30	91
1	20	91
1	30	91
1	30	91
1	30	91
1	20	91
1	150	413
1	190	530
1	30	90
1	190	528
1	60	180
1	50	156
1	60	180
1	0	0
1	60	155
1	20	89
1	110	358
1	30	89
1	20	89
1	30	89
1	0	0
1	50	180
1	60	154
1	20	89
1	190	509
1	180	508
1	190	507
1	190	506
1	20	85
1	50	172
1	30	85
1	50	149
1	190	500
1	180	499
1	180	498
1	20	82
1	60	145
1	180	495
1	180	494
1	180	493
1	180	492
1	180	491
1	30	77
1	180	489
1	180	488
1	180	487
1	20	74
1	30	74
1	180	484
1	20	73
1	40	146
1	30	73
1	20	73
1	180	478
1	0	0
1	20	72
1	20	72
1	180	475
1	170	474
1	180	473
1	20	69
1	20	69
1	20	69
1	20	69
1	30	69
1	170	467
1	20	68
1	20	68
1	20	68
1	50	138
1	0	0
1	50	130
1	170	460
1	170	459
1	160	458
1	50	126
1	170	456
1	20	64
1	80	268
1	20	64
1	140	363
1	170	446
1	20	63
1	160	444
1	20	62
1	20	62
1	20	62
1	20	62
1	160	439
1	40	124
1	40	118
1	20	61
1	160	434
1	20	60
1	130	360
1	20	60
1	0	0
1	60	176
1	20	60
1	160	424
1	20	59
1	20	59
1	10	59
1	10	0
1	0	0
1	0	0
1	50	183
1	40	120
1	80	222
1	80	248
1	60	171
1	120	318
1	80	210
1	40	104
1	150	401
1	40	118
1	70	240
1	60	162
1	20	58
1	40	101
1	50	160
1	140	388
1	140	387
1	140	386
1	20	55
1	10	55
1	20	55
1	140	382
1	140	381
1	130	380
1	20	52
1	130	378
1	70	208
1	50	145
1	40	104
1	10	51
1	130	368
1	40	90
1	0	0
1	130	366
1	20	49
1	30	100
1	20	49
1	20	49
1	10	49
1	130	359
1	130	358
1	120	357
1	70	168
1	120	354
1	40	82
1	120	352
1	120	351
1	130	350
1	10	42
1	130	348
1	30	77
1	120	346
1	60	148
1	10	40
1	130	342
1	30	72
1	120	340
1	20	78
1	40	120
1	30	70
1	70	178
1	120	330
1	40	105
1	120	327
1	10	36
1	120	325
1	120	324
1	10	34
1	30	70
1	10	34
1	20	70
1	60	136
1	20	70
1	110	312
1	30	68
1	40	95
1	10	33
1	10	33
1	10	33
1	20	59
1	10	0
1	10	33
1	20	68
1	30	58
1	100	299
1	10	32
1	10	32
1	40	98
1	20	66
1	20	66
1	10	32
1	20	56
1	100	287
1	20	31
1	90	285
1	30	53
1	100	283
1	100	282
1	90	281
1	30	54
1	10	27
1	10	27
1	10	27
1	10	27
1	20	54
1	10	27
1	10	27
1	10	27
1	0	0
1	10	27
1	10	27
1	10	27
1	10	27
1	10	27
1	10	27
1	10	27
1	10	27
1	10	27
1	0	0
1	10	27
1	10	27
1	10	27
1	20	54
1	90	255
1	10	26
1	10	26
1	30	84
1	0	26
1	10	26
1	50	124
1	30	74
1	90	242
1	0	25
1	10	25
1	10	25
1	10	25
1	20	52
1	10	25
1	0	0
1	10	25
1	10	25
1	10	25
1	30	71
1	80	229
1	10	24
1	10	50
1	10	24
1	40	96
1	10	24
1	70	220
1	20	48
1	0	23
1	30	71
1	10	23
1	20	48
1	0	23
1	30	65
1	20	48
1	20	64
1	10	23
1	70	202
1	0	22
1	10	22
1	10	22
1	10	22
1	10	22
1	10	22
1	0	22
1	10	22
1	20	46
1	10	22
1	0	22
1	10	22
1	20	46
1	10	46
1	20	46
1	10	37
1	20	36
1	10	22
1	50	179
1	10	21
1	60	177
1	10	20
1	0	0
1	10	42
1	10	20
1	0	20
1	20	33
1	20	62
1	10	20
1	10	42
1	10	32
1	10	20
1	10	20
1	0	0
1	10	20
1	50	160
1	50	159
1	0	18
1	10	18
1	10	18
1	0	18
1	10	18
1	50	153
1	0	17
1	0	0
1	50	151
1	20	45
1	40	148
1	50	147
1	10	14
1	0	30
1	10	14
1	0	14
1	50	141
1	20	41
1	0	13
1	10	13
1	0	13
1	0	0
1	10	13
1	0	13
1	10	13
1	10	28
1	40	129
1	10	24
1	0	12
1	10	12
1	10	12
1	0	12
1	10	12
1	0	12
1	10	12
1	30	119
1	40	118
1	30	117
1	10	9
1	10	30
1	0	9
1	10	9
1	0	18
1	40	110
1	0	8
1	10	16
1	30	107
1	10	7
1	30	105
1	0	6
1	0	6
1	10	6
1	0	6
1	10	20
1	0	6
1	20	20
1	10	31
1	10	20
1	0	14
1	10	6
1	10	20
1	20	82
1	10	5
1	0	5
1	0	5
1	0	5
1	10	12
1	10	17
1	0	5
1	0	5
1	10	5
1	0	0
1	0	5
1	0	5
1	10	5
1	0	5
1	0	5
1	0	5
1	10	5
1	0	5
1	0	5
1	0	5
1	10	5
1	0	17
1	10	9
1	0	0
1	0	5
1	0	0
1	10	5
1	0	0
1	0	5
1	0	5
1	0	5
1	10	5
1	0	5
1	0	5
1	10	10
1	10	45
1	0	4
1	10	4
1	0	4
1	0	4
1	0	4
1	0	4
1	10	8
1	0	4
1	0	4
1	10	13
1	0	4
1	10	31
1	0	0
1	0	3
1	0	0
1	10	29
1	10	28
1	0	1
1	0	1
1	0	1
1	0	1
1	0	1
1	10	1
1	0	2
1	0	1
1	0	1
1	0	1
1	0	1
1	0	1
1	10	1
1	0	1
1	0	1
1	0	1
1	0	1
1	0	1
1	0	9
1	10	4
1	0	1
1	0	1
1	0	1
